CHR	POS	EAF	N	REF	EFF	BETA	SE	pvalue	gene
1	22462111	0.172755	22393	G	A	0.410951	0.120255	0.000633513	WNT4
1	42270779	0.366119	22393	G	A	-0.234668	0.0933602	0.0119583	HIVEP3
1	50959262	0.110191	22393	A	C	0.455242	0.14427	0.00160445	FAF1
2	74235926	0.0532086	22393	A	G	-1.09793	0.2016	5.20389e-08	TET3
3	14293832	0.214085	22393	G	A	0.385463	0.110345	0.00047809	LSM3
3	123112292	0.375765	22393	T	C	0.503272	0.0931089	6.53983e-08	ADCY5
3	128122396	0.240678	22393	G	A	0.236552	0.105593	0.0250862	EEFSEC
3	139004333	0.0157639	22393	A	G	-0.856757	0.363679	0.0184912	MRPS22
3	141147414	0.470951	22393	T	C	0.306445	0.0899981	0.00066275	ZBTB38
3	155862524	0.433260	22393	A	G	-0.538576	0.0913184	3.73725e-09	KCNAB1
3	156697097	0.398852	22393	A	G	0.271598	0.0919555	0.00314442	LEKR
4	55895282	0.075403	22393	C	T	-0.572319	0.171222	0.00083147	KDR
4	174733296	0.3098510	22393	T	G	0.2033410	0.0981391	0.0382797	HAND2
5	157895049	0.272183	22393	C	T	-0.524436	0.101176	2.19787e-07	EBF1
5	158058432	0.497298	22393	T	G	-0.158759	0.0901617	0.0782812	EBF1.2
6	32595083	0.218439	22393	T	G	0.170411	0.127048	0.179831  	HLA-DQA1
8	75315146	0.407694	22393	G	C	0.38099	0.0926179	3.90983e-05	GDAP1
8	124603784	0.0199393	22393	G	A	-0.683293	0.322606	0.03418230	FBXO32
9	116935764	0.339436	22393	C	G	-0.34874	0.0954747	0.000260089	COL27A1
16	4339684	0.274639	22393	A	T	-0.318027	0.101513	0.00173328	TFAP4
17	12416363	0.184857	22393	G	T	-0.394128	0.11643	0.000712755	MYOCD
20	62692060	0.459474	22393	A	C	0.293503	0.0908853	0.00124239	TCEA2
11	68107264	NA	NA	NA	NA	NA	NA	NA	LRP5
X	115129904	NA	NA	NA	NA	NA	NA	NA	AGTR2
X	131312089	NA	NA	NA	NA	NA	NA	NA	RAP2C
2	113521754	NA	NA	NA	NA	NA	NA	NA	IL1A
1	48824407	NA	NA	NA	NA	NA	NA	NA	SPATA6
3	187987683	NA	NA	NA	NA	NA	NA	NA	LMM
